Recordid	Address	Date_Time	Status	Heater	Warning	Protection	ErrorCode	CycleNum	Current_I	MAX_Current	Total_Voltage	SOC	SOH	Temp_PCB	Temp_internal	Temp_MAX	Temp01	Temp02	Temp03	Temp04	Vol_Cell01	Vol_Cell02	Vol_Cell03	Vol_Cell04	Vol_Cell05	Vol_Cell06	Vol_Cell07	Vol_Cell08	Vol_Cell09	Vol_Cell10	Vol_Cell11	Vol_Cell12	Vol_Cell13	Vol_Cell14	Vol_Cell15	Vol_Cell16	Capacity	Remaining	Battery_Mode	BMS_Version	BMS_ISDN
1	COM6_16	2026-01-21 13:50:24	Stand by	Off	0000	0000	0000	0	0,000	100	54,640	100	100	23	24	23	23	23	23	23	3,643	3,638	3,656	3,657	3,649	3,639	3,636	3,628	3,617	3,646	3,646	3,641	3,655	3,648	3,641	0,000	100	100	LL15S100P10G1-V2-Anti-Tf	U06C30	0000000825571639
2	COM6_16	2026-01-21 13:50:27	Stand by	Off	0000	0000	0000	0	0,000	100	54,630	100	100	23	24	23	23	23	23	23	3,643	3,637	3,656	3,657	3,649	3,639	3,636	3,627	3,617	3,646	3,646	3,641	3,655	3,648	3,641	0,000	100	100	LL15S100P10G1-V2-Anti-Tf	U06C30	0000000825571639
3	COM6_16	2026-01-21 13:50:29	Stand by	Off	0000	0000	0000	0	0,000	100	54,630	100	100	23	24	23	23	23	23	23	3,643	3,636	3,656	3,656	3,648	3,639	3,636	3,627	3,617	3,645	3,645	3,641	3,655	3,647	3,639	0,000	100	100	LL15S100P10G1-V2-Anti-Tf	U06C30	0000000825571639
4	COM6_16	2026-01-21 13:50:32	Stand by	Off	0000	0000	0000	0	0,000	100	54,630	100	100	23	24	23	23	23	23	23	3,643	3,636	3,656	3,656	3,649	3,639	3,636	3,627	3,617	3,645	3,645	3,641	3,655	3,648	3,640	0,000	100	100	LL15S100P10G1-V2-Anti-Tf	U06C30	0000000825571639
5	COM6_16	2026-01-21 13:50:34	Stand by	Off	0000	0000	0000	0	0,000	100	54,630	100	100	23	24	23	23	23	23	23	3,643	3,637	3,656	3,656	3,649	3,639	3,636	3,627	3,617	3,645	3,646	3,641	3,655	3,648	3,639	0,000	100	100	LL15S100P10G1-V2-Anti-Tf	U06C30	0000000825571639
6	COM6_16	2026-01-21 13:50:37	Stand by	Off	0000	0000	0000	0	0,000	100	54,630	100	100	23	24	23	23	23	23	23	3,643	3,637	3,656	3,656	3,649	3,639	3,636	3,627	3,617	3,645	3,645	3,641	3,655	3,648	3,641	0,000	100	100	LL15S100P10G1-V2-Anti-Tf	U06C30	0000000825571639
7	COM6_16	2026-01-21 13:50:39	Stand by	Off	0000	0000	0000	0	0,000	100	54,630	100	100	23	24	23	23	23	23	23	3,643	3,637	3,656	3,657	3,649	3,639	3,636	3,628	3,617	3,646	3,646	3,641	3,655	3,648	3,641	0,000	100	100	LL15S100P10G1-V2-Anti-Tf	U06C30	0000000825571639
8	COM6_16	2026-01-21 13:50:42	Discharging	Off	0000	0000	0000	0	-12,780	100	54,630	100	100	23	24	23	23	23	23	23	3,643	3,637	3,656	3,657	3,649	3,639	3,636	3,628	3,617	3,646	3,646	3,641	3,655	3,648	3,641	0,000	100	100	LL15S100P10G1-V2-Anti-Tf	U06C30	0000000825571639
9	COM6_16	2026-01-21 13:50:44	Discharging	Off	0000	0000	0000	0	-10,200	100	54,350	100	100	23	24	23	23	23	23	23	3,624	3,618	3,636	3,637	3,629	3,621	3,617	3,609	3,596	3,627	3,627	3,625	3,638	3,630	3,622	0,000	100	100	LL15S100P10G1-V2-Anti-Tf	U06C30	0000000825571639
10	COM6_16	2026-01-21 13:50:47	Discharging	Off	0000	0000	0000	0	-8,010	100	53,900	100	100	23	24	23	23	23	23	23	3,592	3,586	3,605	3,607	3,599	3,590	3,588	3,582	3,568	3,596	3,597	3,593	3,605	3,601	3,594	0,000	100	100	LL15S100P10G1-V2-Anti-Tf	U06C30	0000000825571639
11	COM6_16	2026-01-21 13:50:49	Discharging	Off	0000	0000	0000	0	-7,020	100	53,620	100	100	23	24	23	23	23	23	23	3,575	3,571	3,586	3,587	3,580	3,575	3,571	3,563	3,552	3,576	3,578	3,574	3,586	3,581	3,574	0,000	100	100	LL15S100P10G1-V2-Anti-Tf	U06C30	0000000825571639
12	COM6_16	2026-01-21 13:50:52	Discharging	Off	0000	0000	0000	0	-6,160	100	53,440	100	100	23	24	23	23	23	23	23	3,562	3,559	3,575	3,574	3,566	3,559	3,559	3,554	3,542	3,563	3,567	3,561	3,571	3,566	3,562	0,000	100	100	LL15S100P10G1-V2-Anti-Tf	U06C30	0000000825571639
13	COM6_16	2026-01-21 13:50:54	Discharging	Off	0000	0000	0000	0	-5,960	100	53,280	100	100	23	24	23	23	23	23	23	3,550	3,548	3,562	3,562	3,556	3,548	3,549	3,543	3,533	3,553	3,555	3,553	3,560	3,557	3,551	0,000	100	100	LL15S100P10G1-V2-Anti-Tf	U06C30	0000000825571639
14	COM6_16	2026-01-21 13:50:57	Discharging	Off	0000	0000	0000	0	-5,690	100	53,140	100	100	23	24	23	23	23	23	23	3,541	3,539	3,551	3,551	3,546	3,540	3,541	3,535	3,526	3,544	3,545	3,542	3,552	3,547	3,542	0,000	100	100	LL15S100P10G1-V2-Anti-Tf	U06C30	0000000825571639
15	COM6_16	2026-01-21 13:51:00	Discharging	Off	0000	0000	0000	0	-5,690	100	53,020	100	100	23	24	23	23	23	23	23	3,531	3,531	3,543	3,544	3,538	3,533	3,534	3,528	3,520	3,536	3,538	3,534	3,542	3,538	3,537	0,000	100	100	LL15S100P10G1-V2-Anti-Tf	U06C30	0000000825571639
16	COM6_16	2026-01-21 13:51:03	Discharging	Off	0000	0000	0000	0	-5,630	100	52,920	100	100	23	24	23	23	23	23	23	3,531	3,525	3,536	3,536	3,529	3,526	3,527	3,521	3,514	3,529	3,531	3,528	3,535	3,531	3,528	0,000	100	100	LL15S100P10G1-V2-Anti-Tf	U06C30	0000000825571639
17	COM6_16	2026-01-21 13:51:15	Discharging	Off	0000	0000	0000	0	-5,690	100	52,600	100	100	23	24	23	23	23	23	23	3,506	3,506	3,512	3,512	3,511	3,503	3,506	3,503	3,497	3,507	3,508	3,505	3,511	3,509	3,507	0,000	100	100	LL15S100P10G1-V2-Anti-Tf	U06C30	0000000825571639
18	COM6_16	2026-01-21 13:51:17	Discharging	Off	0000	0000	0000	0	-5,760	100	52,540	100	100	23	24	23	23	23	23	23	3,502	3,502	3,507	3,507	3,505	3,503	3,503	3,500	3,493	3,503	3,504	3,502	3,506	3,504	3,504	0,000	100	100	LL15S100P10G1-V2-Anti-Tf	U06C30	0000000825571639
19	COM6_16	2026-01-21 13:51:20	Discharging	Off	0000	0000	0000	0	-5,690	100	52,490	100	100	23	24	23	23	23	23	23	3,498	3,498	3,503	3,505	3,501	3,501	3,498	3,496	3,490	3,499	3,500	3,498	3,502	3,501	3,500	0,000	100	100	LL15S100P10G1-V2-Anti-Tf	U06C30	0000000825571639
20	COM6_16	2026-01-21 13:51:22	Discharging	Off	0000	0000	0000	0	-5,760	100	52,440	100	100	23	24	23	23	23	23	23	3,495	3,494	3,503	3,505	3,497	3,497	3,497	3,493	3,487	3,495	3,496	3,492	3,499	3,497	3,497	0,000	100	100	LL15S100P10G1-V2-Anti-Tf	U06C30	0000000825571639
21	COM6_16	2026-01-21 13:51:25	Discharging	Off	0000	0000	0000	0	-5,820	100	52,400	100	100	23	24	23	23	23	23	23	3,493	3,492	3,500	3,499	3,494	3,492	3,497	3,490	3,484	3,492	3,496	3,491	3,495	3,494	3,494	0,000	100	100	LL15S100P10G1-V2-Anti-Tf	U06C30	0000000825571639
22	COM6_16	2026-01-21 13:51:27	Discharging	Off	0000	0000	0000	0	-5,760	100	52,350	100	100	23	24	23	23	23	23	23	3,489	3,489	3,496	3,496	3,491	3,490	3,494	3,487	3,481	3,488	3,496	3,488	3,492	3,490	3,490	0,000	100	100	LL15S100P10G1-V2-Anti-Tf	U06C30	0000000825571639
23	COM6_16	2026-01-21 13:51:30	Discharging	Off	0000	0000	0000	0	-5,760	100	52,310	100	100	23	24	23	23	23	23	23	3,487	3,486	3,493	3,493	3,488	3,487	3,490	3,484	3,478	3,486	3,491	3,486	3,490	3,487	3,489	0,000	100	100	LL15S100P10G1-V2-Anti-Tf	U06C30	0000000825571639
24	COM6_16	2026-01-21 13:51:32	Discharging	Off	0000	0000	0000	0	-5,890	100	52,310	100	100	23	24	23	23	23	23	23	3,487	3,486	3,493	3,493	3,488	3,487	3,490	3,484	3,478	3,486	3,491	3,486	3,490	3,487	3,489	0,000	100	100	LL15S100P10G1-V2-Anti-Tf	U06C30	0000000825571639
25	COM6_16	2026-01-21 13:51:35	Charging	Off	0000	0000	0000	0	7,280	100	52,280	100	100	23	24	23	23	23	23	23	3,484	3,484	3,490	3,490	3,485	3,484	3,488	3,483	3,478	3,486	3,488	3,482	3,487	3,486	3,486	0,000	100	100	LL15S100P10G1-V2-Anti-Tf	U06C30	0000000825571639
26	COM6_16	2026-01-21 13:51:37	Charging	Off	0000	0000	0000	0	9,800	100	52,580	100	100	23	24	23	23	23	23	23	3,506	3,506	3,510	3,510	3,507	3,503	3,506	3,502	3,503	3,506	3,505	3,504	3,506	3,504	3,505	0,000	100	100	LL15S100P10G1-V2-Anti-Tf	U06C30	0000000825571639
27	COM6_16	2026-01-21 13:51:40	Charging	Off	0000	0000	0000	0	9,530	100	52,890	100	100	23	24	23	23	23	23	23	3,529	3,524	3,531	3,531	3,527	3,524	3,525	3,523	3,523	3,528	3,527	3,524	3,528	3,527	3,526	0,000	100	100	LL15S100P10G1-V2-Anti-Tf	U06C30	0000000825571639
28	COM6_16	2026-01-21 13:51:42	Charging	Off	0000	0000	0000	0	9,270	100	53,140	100	100	23	24	23	23	23	23	23	3,544	3,541	3,548	3,548	3,544	3,542	3,542	3,539	3,538	3,544	3,542	3,540	3,545	3,543	3,542	0,000	100	100	LL15S100P10G1-V2-Anti-Tf	U06C30	0000000825571639
29	COM6_16	2026-01-21 13:51:45	Charging	Off	0000	0000	0000	0	8,870	100	53,380	100	100	23	24	23	23	23	23	23	3,560	3,559	3,566	3,563	3,559	3,559	3,557	3,555	3,553	3,561	3,559	3,556	3,562	3,560	3,556	0,000	100	100	LL15S100P10G1-V2-Anti-Tf	U06C30	0000000825571639
30	COM6_16	2026-01-21 13:51:48	Charging	Off	0000	0000	0000	0	8,670	100	53,610	100	100	23	24	23	23	23	23	23	3,576	3,573	3,580	3,580	3,576	3,575	3,571	3,569	3,567	3,576	3,575	3,571	3,579	3,575	3,573	0,000	100	100	LL15S100P10G1-V2-Anti-Tf	U06C30	0000000825571639
31	COM6_16	2026-01-21 13:51:51	Charging	Off	0000	0000	0000	0	8,800	100	53,850	100	100	23	24	23	23	23	23	23	3,591	3,587	3,597	3,596	3,592	3,590	3,586	3,584	3,583	3,593	3,590	3,589	3,596	3,591	3,588	0,000	100	100	LL15S100P10G1-V2-Anti-Tf	U06C30	0000000825571639
32	COM6_16	2026-01-21 13:51:53	Charging	Off	0000	0000	0000	0	9,200	100	54,110	100	100	23	24	23	23	23	23	23	3,610	3,605	3,614	3,614	3,611	3,606	3,604	3,600	3,599	3,610	3,607	3,607	3,613	3,610	3,606	0,000	100	100	LL15S100P10G1-V2-Anti-Tf	U06C30	0000000825571639
33	COM6_16	2026-01-21 13:51:56	Charging	Off	0000	0000	0000	0	7,940	100	54,400	100	100	23	24	23	23	23	23	23	3,630	3,625	3,633	3,633	3,629	3,626	3,623	3,620	3,617	3,630	3,628	3,625	3,632	3,629	3,625	0,000	100	100	LL15S100P10G1-V2-Anti-Tf	U06C30	0000000825571639
34	COM6_16	2026-01-21 13:51:58	Charging	Off	0000	0000	0000	0	4,760	100	54,540	100	100	23	24	23	23	23	23	23	3,638	3,635	3,644	3,644	3,639	3,635	3,632	3,630	3,624	3,639	3,637	3,636	3,643	3,639	3,634	0,000	100	100	LL15S100P10G1-V2-Anti-Tf	U06C30	0000000825571639